4393 054 3.3 1.3 1.0 1.0 0.0 9.9 9.9 9.9 9.9 9.9 9.9 9.9 9.9 9.9 9.9 9.9 9.9 9.9 9.9 9.9 9.9 
4417 144 3.1 0.4 0.4 2.3 0.2 1.0 3.1 3.1 2.0 0.2 0.1 1.2 2.2 0.1 3.3 2.2 2.1 0.4 3.2 2.0 9.9 
4315 043 0.0 9.9 9.9 9.9 9.9 9.9 9.9 9.9 9.9 9.9 9.9 9.9 9.9 9.9 9.9 9.9 9.9 9.9 9.9 9.9 9.9 
4370 107 0.3 3.4 1.1 3.2 0.2 1.4 0.3 3.3 1.3 2.4 2.4 2.4 3.3 3.1 1.1 0.4 0.0 9.9 9.9 9.9 9.9 
4369 143 1.1 2.4 0.0 9.9 9.9 9.9 9.9 9.9 9.9 9.9 9.9 9.9 9.9 9.9 9.9 9.9 9.9 9.9 9.9 9.9 9.9 
4349 158 1.4 1.0 2.0 1.2 0.2 1.4 0.3 3.1 3.3 3.0 0.2 3.3 1.1 3.2 3.2 1.1 2.4 3.3 3.2 2.3 9.9 
4391 096 1.3 1.4 1.1 2.0 0.1 1.1 3.4 1.3 0.3 0.1 1.3 2.0 0.1 2.0 0.2 2.2 2.1 2.3 1.3 1.2 9.9 
4341 166 2.1 0.0 9.9 9.9 9.9 9.9 9.9 9.9 9.9 9.9 9.9 9.9 9.9 9.9 9.9 9.9 9.9 9.9 9.9 9.9 9.9 
4431 044 2.4 3.1 3.0 3.2 3.1 1.0 3.3 1.1 3.1 1.2 2.1 3.2 1.4 2.1 3.3 0.3 0.0 9.9 9.9 9.9 9.9 
4403 037 3.3 2.0 1.2 0.4 3.2 1.2 2.4 0.4 0.1 2.3 3.1 2.2 0.2 2.0 0.3 0.4 3.1 1.2 0.0 9.9 9.9 
4257 062 3.1 2.2 0.2 0.2 3.1 1.4 0.3 2.3 1.1 2.4 0.4 0.3 3.2 1.0 1.1 1.0 2.4 0.3 1.1 1.3 9.9 
4290 103 0.4 1.1 3.1 1.4 3.3 1.1 2.4 0.2 2.1 3.4 1.4 3.3 1.0 1.1 2.4 2.3 1.0 0.0 9.9 9.9 9.9 
4414 194 0.2 0.2 2.3 2.2 3.1 1.3 1.0 2.4 0.1 0.0 9.9 9.9 9.9 9.9 9.9 9.9 9.9 9.9 9.9 9.9 9.9 
4356 153 0.1 0.1 0.2 3.4 3.3 1.0 3.4 0.3 1.4 0.1 3.2 0.0 9.9 9.9 9.9 9.9 9.9 9.9 9.9 9.9 9.9 
4258 081 1.4 3.2 3.2 3.1 3.1 1.2 1.0 2.2 2.3 1.2 0.3 3.2 2.1 0.4 1.0 0.1 2.0 3.4 2.4 2.1 9.9 
4423 109 1.2 2.1 2.1 0.4 3.3 1.0 0.0 9.9 9.9 9.9 9.9 9.9 9.9 9.9 9.9 9.9 9.9 9.9 9.9 9.9 9.9 
4297 118 2.0 2.3 1.3 1.1 3.1 1.2 2.4 2.4 0.3 2.3 2.1 0.1 3.4 3.0 3.2 2.3 1.4 2.1 1.0 0.4 9.9 
4251 036 2.4 1.2 3.3 2.4 3.3 1.4 0.0 9.9 9.9 9.9 9.9 9.9 9.9 9.9 9.9 9.9 9.9 9.9 9.9 9.9 9.9 
4285 188 2.2 0.3 2.2 2.1 3.2 1.1 3.1 2.0 3.3 0.2 0.2 1.3 1.2 3.4 1.3 3.0 3.3 1.3 3.2 2.2 9.9 
4410 125 3.0 0.4 1.4 3.1 3.3 1.3 1.0 0.4 0.1 0.2 1.4 0.0 9.9 9.9 9.9 9.9 9.9 9.9 9.9 9.9 9.9 
4276 021 3.3 3.3 3.3 0.3 3.2 1.0 3.1 3.3 1.1 1.3 2.0 2.0 2.0 2.3 3.1 0.2 1.2 0.0 9.9 9.9 9.9 
4412 186 0.2 2.4 2.3 0.1 3.3 1.2 2.2 1.1 3.1 2.4 3.0 1.2 1.3 2.3 0.4 1.3 0.3 0.0 9.9 9.9 9.9 
4367 111 0.0 9.9 9.9 9.9 9.9 9.9 9.9 9.9 9.9 9.9 9.9 9.9 9.9 9.9 9.9 9.9 9.9 9.9 9.9 9.9 9.9 
4439 137 0.3 1.0 0.4 2.0 2.4 2.1 2.1 1.4 1.1 3.0 0.3 2.3 3.1 1.3 3.2 3.2 2.2 3.3 1.3 1.4 9.9 
4444 072 1.1 0.4 2.4 3.3 2.2 2.3 1.2 3.1 2.4 0.1 1.1 1.3 2.1 1.3 0.0 9.9 9.9 9.9 9.9 9.9 9.9 
4440 142 1.0 3.0 1.0 3.0 2.4 2.0 3.1 1.0 3.4 0.2 2.1 3.0 0.4 0.4 1.3 0.4 1.1 2.2 0.4 3.2 9.9 
4409 047 2.3 3.4 0.0 9.9 9.9 9.9 9.9 9.9 9.9 9.9 9.9 9.9 9.9 9.9 9.9 9.9 9.9 9.9 9.9 9.9 9.9 
4375 185 2.1 2.0 3.4 1.0 2.4 2.0 0.3 1.2 2.4 2.3 0.0 9.9 9.9 9.9 9.9 9.9 9.9 9.9 9.9 9.9 9.9 
4334 164 2.0 1.0 1.1 2.3 2.3 2.2 2.2 3.1 3.4 2.4 1.0 3.1 1.2 0.3 0.4 2.1 2.1 1.4 3.1 0.1 9.9 
4343 025 3.3 1.1 0.0 9.9 9.9 9.9 9.9 9.9 9.9 9.9 9.9 9.9 9.9 9.9 9.9 9.9 9.9 9.9 9.9 9.9 9.9 
4317 104 3.1 0.2 3.0 3.0 2.3 2.1 3.4 3.2 2.2 0.0 9.9 9.9 9.9 9.9 9.9 9.9 9.9 9.9 9.9 9.9 9.9 
4438 179 0.4 3.1 1.2 0.2 2.4 2.3 1.2 2.1 3.2 0.1 0.4 3.3 1.3 3.3 3.0 1.4 3.3 0.3 3.4 1.3 9.9 
4352 095 0.3 3.2 0.1 0.0 9.9 9.9 9.9 9.9 9.9 9.9 9.9 9.9 9.9 9.9 9.9 9.9 9.9 9.9 9.9 9.9 9.9 
4348 059 0.1 2.2 3.1 1.2 2.4 2.2 2.4 2.2 1.2 2.2 2.2 0.4 3.1 2.2 1.3 2.3 1.2 3.0 1.0 3.1 9.9 
4359 016 1.4 1.3 2.0 2.4 2.3 2.4 0.0 9.9 9.9 9.9 9.9 9.9 9.9 9.9 9.9 9.9 9.9 9.9 9.9 9.9 9.9 
4271 102 1.2 1.2 0.2 3.2 2.0 2.1 2.4 2.1 0.0 9.9 9.9 9.9 9.9 9.9 9.9 9.9 9.9 9.9 9.9 9.9 9.9 
4305 060 2.1 0.3 3.1 3.4 2.3 2.3 1.0 0.0 9.9 9.9 9.9 9.9 9.9 9.9 9.9 9.9 9.9 9.9 9.9 9.9 9.9 
4382 041 2.4 3.2 2.1 0.2 2.0 2.1 3.1 2.2 2.0 0.2 2.1 2.3 2.2 1.0 1.2 1.2 2.4 1.0 2.0 3.0 9.9 
4402 075 2.2 3.3 1.3 1.4 1.3 2.3 1.0 0.1 3.0 1.3 3.1 1.0 1.0 0.1 2.0 2.3 1.2 1.2 3.1 2.4 9.9 
4309 073 3.0 2.3 3.2 2.2 1.0 2.0 0.0 9.9 9.9 9.9 9.9 9.9 9.9 9.9 9.9 9.9 9.9 9.9 9.9 9.9 9.9 
4372 034 3.4 1.4 2.2 2.1 1.4 2.0 2.1 0.3 2.0 2.4 0.4 2.4 2.2 0.0 9.9 9.9 9.9 9.9 9.9 9.9 9.9 
4253 090 0.2 0.0 9.9 9.9 9.9 9.9 9.9 9.9 9.9 9.9 9.9 9.9 9.9 9.9 9.9 9.9 9.9 9.9 9.9 9.9 9.9 
4250 133 0.0 9.9 9.9 9.9 9.9 9.9 9.9 9.9 9.9 9.9 9.9 9.9 9.9 9.9 9.9 9.9 9.9 9.9 9.9 9.9 9.9 
4424 157 1.4 3.0 2.2 0.3 1.0 2.1 1.2 3.3 2.3 1.2 3.3 2.3 2.3 3.4 0.3 2.0 0.1 3.1 1.0 2.1 9.9 
4291 042 1.2 2.4 1.4 1.1 1.4 3.3 3.1 1.2 3.3 1.2 0.3 0.3 1.3 2.0 1.1 2.0 0.2 2.3 3.0 1.0 9.9 
4281 199 1.0 2.1 0.4 2.3 1.1 3.0 2.2 3.1 0.3 2.3 1.1 3.4 0.1 2.1 2.1 3.1 3.0 2.3 0.1 0.4 9.9 
4338 183 2.3 1.0 2.3 3.1 1.4 3.2 0.3 1.4 1.1 3.4 2.1 2.4 3.1 2.4 3.4 0.2 2.1 2.0 1.2 3.3 9.9 
4337 200 2.2 0.1 1.0 3.3 1.3 3.0 2.1 3.3 2.1 3.4 3.4 0.1 2.4 2.0 0.2 1.3 1.4 1.0 2.3 2.2 9.9 
4445 136 3.0 0.0 9.9 9.9 9.9 9.9 9.9 9.9 9.9 9.9 9.9 9.9 9.9 9.9 9.9 9.9 9.9 9.9 9.9 9.9 9.9 
4319 116 3.3 3.1 3.4 1.3 1.3 3.4 3.3 3.4 1.1 1.1 1.0 1.3 3.2 1.4 2.0 2.0 3.1 0.0 9.9 9.9 9.9 
4430 014 3.1 2.0 1.1 2.3 1.0 3.1 1.2 1.3 2.1 1.2 2.2 0.3 2.0 1.4 3.3 3.1 2.4 0.0 9.9 9.9 9.9 
4331 046 0.0 9.9 9.9 9.9 9.9 9.9 9.9 9.9 9.9 9.9 9.9 9.9 9.9 9.9 9.9 9.9 9.9 9.9 9.9 9.9 9.9 
4296 119 0.3 1.1 3.0 3.3 0.0 9.9 9.9 9.9 9.9 9.9 9.9 9.9 9.9 9.9 9.9 9.9 9.9 9.9 9.9 9.9 9.9 
4336 160 1.1 0.2 2.4 0.0 9.9 9.9 9.9 9.9 9.9 9.9 9.9 9.9 9.9 9.9 9.9 9.9 9.9 9.9 9.9 9.9 9.9 
4284 088 1.4 0.3 0.1 0.2 0.0 9.9 9.9 9.9 9.9 9.9 9.9 9.9 9.9 9.9 9.9 9.9 9.9 9.9 9.9 9.9 9.9 
4378 007 1.3 3.2 3.0 1.0 0.3 3.1 1.4 0.0 9.9 9.9 9.9 9.9 9.9 9.9 9.9 9.9 9.9 9.9 9.9 9.9 9.9 
4436 197 2.1 2.3 2.0 2.2 0.0 9.9 9.9 9.9 9.9 9.9 9.9 9.9 9.9 9.9 9.9 9.9 9.9 9.9 9.9 9.9 9.9 
4404 061 2.4 2.3 0.2 3.0 0.4 3.0 1.4 0.3 3.2 2.4 0.0 9.9 9.9 9.9 9.9 9.9 9.9 9.9 9.9 9.9 9.9 
4298 192 3.3 1.4 3.1 3.2 0.0 9.9 9.9 9.9 9.9 9.9 9.9 9.9 9.9 9.9 9.9 9.9 9.9 9.9 9.9 9.9 9.9 
4441 134 3.1 0.3 2.1 0.0 9.9 9.9 9.9 9.9 9.9 9.9 9.9 9.9 9.9 9.9 9.9 9.9 9.9 9.9 9.9 9.9 9.9 
4306 174 3.4 3.4 1.2 1.2 0.0 9.9 9.9 9.9 9.9 9.9 9.9 9.9 9.9 9.9 9.9 9.9 9.9 9.9 9.9 9.9 9.9 
4278 132 0.2 3.3 3.2 1.2 0.4 3.4 3.1 0.1 0.2 1.1 0.4 1.1 0.3 1.2 3.2 3.4 0.3 0.3 3.0 0.2 9.9 
4325 097 0.1 2.4 2.1 2.4 0.1 3.1 1.0 2.0 1.2 1.2 1.1 3.2 3.3 1.3 0.2 0.4 3.1 3.0 0.1 3.3 9.9 
4274 191 1.4 1.4 1.3 3.2 0.4 3.3 3.0 0.4 2.0 2.3 2.2 2.2 2.1 0.1 1.0 0.0 9.9 9.9 9.9 9.9 9.9 
4301 163 1.2 1.0 0.3 0.4 0.1 3.0 2.1 3.2 3.0 3.4 3.2 0.2 1.1 0.2 2.3 1.1 2.0 2.2 3.2 1.1 9.9 
4275 131 1.0 0.1 2.2 0.1 0.4 0.2 0.0 9.9 9.9 9.9 9.9 9.9 9.9 9.9 9.9 9.9 9.9 9.9 9.9 9.9 9.9 
4294 139 2.4 3.0 1.4 1.4 0.1 0.4 2.1 3.0 2.0 0.0 9.9 9.9 9.9 9.9 9.9 9.9 9.9 9.9 9.9 9.9 9.9 
4270 084 2.2 3.1 0.3 2.1 3.0 0.1 1.2 1.4 3.0 1.1 2.1 0.1 1.2 3.2 1.4 3.1 3.1 1.4 2.0 2.3 9.9 
4288 050 3.0 2.1 2.3 3.4 3.1 0.3 3.1 3.1 0.3 1.1 3.3 3.0 0.0 9.9 9.9 9.9 9.9 9.9 9.9 9.9 9.9 
4279 108 3.3 1.2 1.2 3.1 3.0 0.1 1.2 1.0 1.3 2.2 0.4 1.2 3.0 3.1 0.1 1.3 1.0 0.1 1.3 0.3 9.9 
4347 101 0.2 1.1 0.4 0.4 3.1 0.3 0.3 3.4 3.3 3.0 1.1 0.2 1.3 2.1 1.4 2.4 0.1 0.3 2.4 3.2 9.9 
4443 032 0.0 9.9 9.9 9.9 9.9 9.9 9.9 9.9 9.9 9.9 9.9 9.9 9.9 9.9 9.9 9.9 9.9 9.9 9.9 9.9 9.9 
4273 091 0.3 3.1 1.3 1.1 3.2 0.2 0.2 3.1 1.3 0.1 2.2 1.4 3.1 2.0 3.2 3.1 2.0 3.0 0.0 9.9 9.9 
4366 001 1.2 3.2 0.0 9.9 9.9 9.9 9.9 9.9 9.9 9.9 9.9 9.9 9.9 9.9 9.9 9.9 9.9 9.9 9.9 9.9 9.9 
4401 189 1.0 2.2 3.4 3.0 3.2 0.1 1.4 3.2 3.1 1.3 0.0 9.9 9.9 9.9 9.9 9.9 9.9 9.9 9.9 9.9 9.9 
4326 033 2.3 1.3 2.4 0.3 3.0 0.3 3.3 2.1 1.1 2.4 1.1 1.2 3.2 1.0 2.3 1.4 0.0 9.9 9.9 9.9 9.9 
4406 068 2.1 0.4 0.0 9.9 9.9 9.9 9.9 9.9 9.9 9.9 9.9 9.9 9.9 9.9 9.9 9.9 9.9 9.9 9.9 9.9 9.9 
4355 011 2.0 0.3 3.0 1.3 3.0 0.2 0.0 9.9 9.9 9.9 9.9 9.9 9.9 9.9 9.9 9.9 9.9 9.9 9.9 9.9 9.9 
4434 018 3.3 3.4 2.0 2.0 3.2 0.4 2.4 0.2 0.1 0.1 0.4 1.4 0.4 0.0 9.9 9.9 9.9 9.9 9.9 9.9 9.9 
4262 093 3.1 2.3 0.1 3.3 3.1 0.2 1.0 2.1 2.4 1.1 1.2 3.4 3.2 3.0 2.2 0.0 9.9 9.9 9.9 9.9 9.9 
4399 113 0.4 2.0 3.1 3.0 3.2 0.4 3.0 0.3 3.4 1.2 2.2 2.0 1.2 3.4 3.0 1.1 3.1 0.4 2.1 2.4 9.9 
4350 141 0.3 1.4 2.0 0.3 3.1 0.1 1.4 2.2 0.4 2.3 3.3 1.0 0.0 9.9 9.9 9.9 9.9 9.9 9.9 9.9 9.9 
4426 053 0.1 0.0 9.9 9.9 9.9 9.9 9.9 9.9 9.9 9.9 9.9 9.9 9.9 9.9 9.9 9.9 9.9 9.9 9.9 9.9 9.9 
4420 124 1.4 0.4 3.1 1.0 2.1 0.0 9.9 9.9 9.9 9.9 9.9 9.9 9.9 9.9 9.9 9.9 9.9 9.9 9.9 9.9 9.9 
4254 069 1.2 3.0 2.1 2.2 2.3 0.2 0.0 9.9 9.9 9.9 9.9 9.9 9.9 9.9 9.9 9.9 9.9 9.9 9.9 9.9 9.9 
4374 099 2.1 2.4 1.3 3.4 2.1 0.4 3.1 2.2 1.2 1.1 3.4 3.3 3.1 2.4 1.4 1.0 3.0 2.0 0.2 1.1 9.9 
4361 005 2.4 2.1 0.2 0.2 2.3 1.1 1.2 1.4 2.2 1.1 0.4 2.0 2.4 1.3 2.2 2.1 2.1 1.3 1.3 0.0 9.9 
4362 152 2.2 1.2 2.2 0.4 2.1 1.3 3.1 3.3 3.2 2.2 0.0 9.9 9.9 9.9 9.9 9.9 9.9 9.9 9.9 9.9 9.9 
4376 187 3.0 0.1 1.1 1.2 2.3 1.0 2.1 1.2 1.2 3.0 1.2 3.0 0.2 1.4 0.0 9.9 9.9 9.9 9.9 9.9 9.9 
4411 027 3.4 0.2 0.3 2.4 2.2 1.2 0.2 3.0 2.2 3.1 2.3 1.2 2.2 0.3 1.3 0.1 3.1 0.0 9.9 9.9 9.9 
4392 085 0.2 3.1 3.2 3.2 2.3 1.0 2.1 1.4 3.0 0.1 3.3 0.2 1.0 0.3 2.1 1.2 2.4 0.2 2.1 0.1 9.9 
4357 114 0.0 9.9 9.9 9.9 9.9 9.9 9.9 9.9 9.9 9.9 9.9 9.9 9.9 9.9 9.9 9.9 9.9 9.9 9.9 9.9 9.9 
4433 115 0.4 1.2 0.4 0.2 2.3 1.4 3.3 1.0 1.0 1.3 1.1 1.3 3.3 3.2 0.4 2.4 0.3 3.4 1.2 2.1 9.9 
4373 023 1.2 1.3 3.3 1.1 2.2 1.1 1.2 3.4 3.0 2.3 2.4 0.0 9.9 9.9 9.9 9.9 9.9 9.9 9.9 9.9 9.9 
4277 035 1.0 0.2 1.3 1.3 2.3 1.3 0.3 1.3 0.0 9.9 9.9 9.9 9.9 9.9 9.9 9.9 9.9 9.9 9.9 9.9 9.9 
4316 198 2.3 3.3 0.4 2.1 2.2 1.0 2.4 3.1 1.0 3.0 0.0 9.9 9.9 9.9 9.9 9.9 9.9 9.9 9.9 9.9 9.9 
4398 169 2.2 3.2 3.4 3.3 2.4 1.2 0.2 1.0 2.3 0.1 1.2 3.2 2.4 2.3 0.2 1.3 1.0 1.3 1.0 2.2 9.9 
4320 040 2.0 2.3 2.4 0.1 1.2 1.4 2.3 0.4 0.3 1.1 2.3 2.3 1.2 2.1 1.0 2.4 0.3 1.0 3.1 1.1 9.9 
4380 019 3.3 1.0 0.0 9.9 9.9 9.9 9.9 9.9 9.9 9.9 9.9 9.9 9.9 9.9 9.9 9.9 9.9 9.9 9.9 9.9 9.9 
4267 117 3.1 1.4 3.0 1.1 1.2 1.3 3.3 0.0 9.9 9.9 9.9 9.9 9.9 9.9 9.9 9.9 9.9 9.9 9.9 9.9 9.9 
4303 170 0.0 9.9 9.9 9.9 9.9 9.9 9.9 9.9 9.9 9.9 9.9 9.9 9.9 9.9 9.9 9.9 9.9 9.9 9.9 9.9 9.9 
4425 026 0.3 3.4 1.1 2.1 1.3 1.3 0.0 9.9 9.9 9.9 9.9 9.9 9.9 9.9 9.9 9.9 9.9 9.9 9.9 9.9 9.9 
4387 195 1.1 3.0 3.0 3.3 1.4 1.0 2.4 2.1 2.1 0.0 9.9 9.9 9.9 9.9 9.9 9.9 9.9 9.9 9.9 9.9 9.9 
4371 049 1.4 2.0 2.0 0.3 1.3 1.2 0.0 9.9 9.9 9.9 9.9 9.9 9.9 9.9 9.9 9.9 9.9 9.9 9.9 9.9 9.9 
4280 058 1.3 1.1 1.2 1.0 1.4 1.4 3.0 2.4 0.1 1.1 0.0 9.9 9.9 9.9 9.9 9.9 9.9 9.9 9.9 9.9 9.9 
4416 151 2.1 1.0 3.1 1.2 1.3 1.1 1.4 0.1 1.1 2.2 1.3 3.3 3.4 3.1 2.0 0.3 1.2 1.4 0.4 2.3 9.9 
4389 126 2.4 0.1 2.1 2.0 1.0 1.3 3.0 2.0 3.1 3.0 2.3 1.0 2.2 3.0 3.3 0.4 0.0 9.9 9.9 9.9 9.9 
4363 098 3.3 3.0 1.0 3.2 1.3 1.0 2.1 0.0 9.9 9.9 9.9 9.9 9.9 9.9 9.9 9.9 9.9 9.9 9.9 9.9 9.9 
4448 148 3.1 3.1 0.2 0.0 9.9 9.9 9.9 9.9 9.9 9.9 9.9 9.9 9.9 9.9 9.9 9.9 9.9 9.9 9.9 9.9 9.9 
4289 063 3.4 2.3 2.1 0.2 1.3 2.4 2.1 1.1 2.4 1.2 1.2 1.1 2.0 2.0 2.4 3.4 1.0 0.3 1.2 2.4 9.9 
4360 147 0.2 1.2 1.1 1.0 1.0 2.1 1.2 3.0 0.4 1.3 2.2 0.3 1.3 2.0 3.2 3.0 0.1 3.0 2.3 1.3 9.9 
4405 129 0.1 0.3 0.3 2.2 0.4 2.4 3.3 1.2 1.4 2.3 3.0 2.3 0.3 1.1 0.2 0.1 3.4 3.1 0.4 0.2 9.9 
4346 121 1.4 0.2 3.2 2.0 0.0 9.9 9.9 9.9 9.9 9.9 9.9 9.9 9.9 9.9 9.9 9.9 9.9 9.9 9.9 9.9 9.9 
4447 003 1.2 3.3 1.2 3.2 0.4 2.3 0.2 1.0 3.2 3.0 1.3 0.0 9.9 9.9 9.9 9.9 9.9 9.9 9.9 9.9 9.9 
4384 110 1.0 2.2 0.3 0.2 0.0 9.9 9.9 9.9 9.9 9.9 9.9 9.9 9.9 9.9 9.9 9.9 9.9 9.9 9.9 9.9 9.9 
4429 010 2.4 2.4 3.3 1.4 0.4 2.2 0.2 1.2 2.2 1.1 3.4 1.1 3.2 0.4 1.1 3.0 0.0 9.9 9.9 9.9 9.9 
4432 071 2.2 1.3 1.2 1.1 0.0 9.9 9.9 9.9 9.9 9.9 9.9 9.9 9.9 9.9 9.9 9.9 9.9 9.9 9.9 9.9 9.9 
4435 123 3.0 0.4 0.4 2.4 0.4 2.1 1.4 1.3 0.2 2.3 1.2 2.3 0.4 3.3 3.2 1.1 2.4 1.2 3.0 2.3 9.9 
4283 065 3.3 0.3 3.4 3.1 0.1 2.3 3.3 3.2 1.0 3.3 2.2 1.3 3.4 3.4 0.2 1.2 1.2 0.4 0.1 1.2 9.9 
4265 176 3.2 3.4 2.3 0.4 0.4 2.0 2.4 2.1 3.0 3.4 2.0 3.0 2.2 3.4 1.0 2.3 0.3 0.4 1.1 0.3 9.9 
4282 070 0.0 9.9 9.9 9.9 9.9 9.9 9.9 9.9 9.9 9.9 9.9 9.9 9.9 9.9 9.9 9.9 9.9 9.9 9.9 9.9 9.9 
4335 087 0.3 2.0 3.4 1.4 0.4 2.4 2.3 2.3 1.0 1.1 0.1 0.1 3.0 2.3 3.3 0.2 2.2 3.1 0.3 2.1 9.9 
4263 020 1.2 1.1 2.4 2.1 0.1 2.2 1.4 0.2 2.0 1.1 1.3 3.1 2.3 2.4 0.0 9.9 9.9 9.9 9.9 9.9 9.9 
4354 165 1.0 0.0 9.9 9.9 9.9 9.9 9.9 9.9 9.9 9.9 9.9 9.9 9.9 9.9 9.9 9.9 9.9 9.9 9.9 9.9 9.9 
4415 082 1.3 0.1 3.0 3.3 0.1 2.1 1.4 0.3 1.3 3.0 3.4 0.3 0.1 1.3 2.3 2.0 0.2 2.1 3.0 3.3 9.9 
4269 006 2.1 3.0 2.0 0.0 9.9 9.9 9.9 9.9 9.9 9.9 9.9 9.9 9.9 9.9 9.9 9.9 9.9 9.9 9.9 9.9 9.9 
4408 064 2.0 2.1 1.4 1.3 3.1 2.0 2.1 0.0 9.9 9.9 9.9 9.9 9.9 9.9 9.9 9.9 9.9 9.9 9.9 9.9 9.9 
4333 028 3.3 1.1 0.1 1.0 3.0 2.2 0.0 9.9 9.9 9.9 9.9 9.9 9.9 9.9 9.9 9.9 9.9 9.9 9.9 9.9 9.9 
4328 135 3.1 1.2 2.0 2.3 3.2 2.4 3.0 0.3 2.3 1.3 3.1 3.1 3.2 0.3 2.2 1.4 0.1 0.0 9.9 9.9 9.9 
4377 079 3.4 0.1 1.0 3.0 3.0 3.1 1.1 2.0 3.1 2.3 0.1 1.1 2.2 0.2 3.0 2.0 3.2 0.2 1.4 2.0 9.9 
4292 045 0.3 3.2 0.1 0.3 3.2 3.3 3.0 1.4 0.1 3.4 1.2 0.3 0.0 9.9 9.9 9.9 9.9 9.9 9.9 9.9 9.9 
4421 017 0.1 3.3 2.1 0.0 9.9 9.9 9.9 9.9 9.9 9.9 9.9 9.9 9.9 9.9 9.9 9.9 9.9 9.9 9.9 9.9 9.9 
4340 155 1.4 2.2 1.1 1.3 3.2 3.2 0.2 1.3 2.1 0.1 3.0 1.4 2.3 3.1 3.1 0.0 9.9 9.9 9.9 9.9 9.9 
4394 089 1.2 1.4 0.2 2.0 3.1 3.0 2.1 3.0 0.1 1.1 0.0 9.9 9.9 9.9 9.9 9.9 9.9 9.9 9.9 9.9 9.9 
4395 112 2.1 1.3 3.2 2.3 3.2 3.2 1.2 1.4 1.4 1.2 1.3 2.1 3.1 2.2 1.4 1.2 3.1 2.3 3.0 1.2 9.9 
4327 022 2.4 0.4 1.1 3.2 3.1 3.4 3.3 3.3 2.4 2.3 1.3 1.1 2.4 2.1 2.2 2.2 2.4 1.3 1.0 0.1 9.9 
4295 130 2.2 3.3 0.3 0.4 3.2 3.1 1.1 1.0 3.4 3.3 2.1 3.1 1.4 1.1 3.0 3.3 1.0 1.1 2.1 3.0 9.9 
4312 066 3.1 3.4 3.2 1.2 3.1 3.3 0.2 3.4 1.4 0.4 3.1 2.2 0.2 1.0 0.0 9.9 9.9 9.9 9.9 9.9 9.9 
4442 180 3.4 2.4 2.2 1.4 3.2 3.0 2.3 1.4 2.4 0.0 9.9 9.9 9.9 9.9 9.9 9.9 9.9 9.9 9.9 9.9 9.9 
4308 167 0.2 1.0 0.4 2.2 3.1 3.2 0.2 3.1 3.4 1.1 1.4 3.4 1.0 0.1 2.1 1.1 2.2 3.3 1.3 1.2 9.9 
4400 181 0.0 9.9 9.9 9.9 9.9 9.9 9.9 9.9 9.9 9.9 9.9 9.9 9.9 9.9 9.9 9.9 9.9 9.9 9.9 9.9 9.9 
4324 004 0.4 0.0 9.9 9.9 9.9 9.9 9.9 9.9 9.9 9.9 9.9 9.9 9.9 9.9 9.9 9.9 9.9 9.9 9.9 9.9 9.9 
4353 162 1.2 3.1 0.2 0.4 2.3 3.3 3.3 2.1 3.2 3.0 0.3 3.1 2.1 0.1 1.2 3.1 0.2 2.2 1.1 2.1 9.9 
4342 051 1.0 2.0 3.4 1.2 2.1 3.1 1.4 0.0 9.9 9.9 9.9 9.9 9.9 9.9 9.9 9.9 9.9 9.9 9.9 9.9 9.9 
4318 178 2.3 2.2 2.4 2.4 2.3 3.3 0.4 2.0 1.2 0.1 2.4 0.2 3.4 3.0 3.0 1.3 2.1 1.4 3.2 0.4 9.9 
4385 106 2.2 1.1 1.3 2.3 2.2 3.0 2.0 0.2 2.0 1.2 3.1 3.4 2.4 3.0 0.3 2.4 1.2 1.4 1.3 3.3 9.9 
4446 175 2.0 0.2 3.0 3.1 2.3 3.2 0.4 2.1 0.0 9.9 9.9 9.9 9.9 9.9 9.9 9.9 9.9 9.9 9.9 9.9 9.9 
4358 196 3.3 0.1 2.4 0.3 2.2 3.4 3.0 0.0 9.9 9.9 9.9 9.9 9.9 9.9 9.9 9.9 9.9 9.9 9.9 9.9 9.9 
4368 120 3.1 3.2 1.4 1.1 2.3 3.1 1.1 2.2 2.0 3.4 2.0 3.1 2.0 2.0 0.3 0.2 2.2 0.3 0.2 0.2 9.9 
4261 002 0.0 9.9 9.9 9.9 9.9 9.9 9.9 9.9 9.9 9.9 9.9 9.9 9.9 9.9 9.9 9.9 9.9 9.9 9.9 9.9 9.9 
4252 038 0.3 2.3 2.0 2.1 2.4 3.0 2.1 2.0 0.0 9.9 9.9 9.9 9.9 9.9 9.9 9.9 9.9 9.9 9.9 9.9 9.9 
4345 092 0.1 1.2 1.0 3.3 2.2 0.2 0.2 0.3 2.3 1.1 1.3 2.2 3.1 1.0 3.4 2.0 0.4 3.3 0.4 1.4 9.9 
4418 146 1.4 0.3 0.1 3.1 2.4 0.4 2.0 3.2 3.3 2.2 1.4 1.4 2.1 0.3 0.2 3.1 3.0 2.3 1.0 0.3 9.9 
4259 077 1.3 0.4 3.1 0.3 2.2 0.1 1.1 1.1 0.3 2.3 2.4 0.4 0.4 0.4 1.0 3.3 2.3 2.0 2.1 3.2 9.9 
4268 086 2.1 3.3 1.0 1.1 2.4 0.4 3.2 3.3 1.3 3.3 3.2 2.1 3.3 0.4 2.0 0.4 1.4 1.0 3.2 2.1 9.9 
4300 161 2.4 2.4 0.2 2.3 2.3 0.1 1.1 1.2 3.3 0.4 0.2 1.0 2.1 3.3 3.3 1.0 0.0 9.9 9.9 9.9 9.9 
4299 094 2.3 2.4 3.1 2.2 1.4 0.3 0.2 3.1 0.1 0.0 9.9 9.9 9.9 9.9 9.9 9.9 9.9 9.9 9.9 9.9 9.9 
4397 015 3.1 1.0 1.1 3.0 1.3 0.0 9.9 9.9 9.9 9.9 9.9 9.9 9.9 9.9 9.9 9.9 9.9 9.9 9.9 9.9 9.9 
4388 055 3.4 0.4 0.3 0.2 1.4 0.2 0.2 3.3 2.1 2.1 3.1 1.4 2.2 2.2 2.4 3.3 1.3 0.1 0.0 9.9 9.9 
4255 013 0.2 0.0 9.9 9.9 9.9 9.9 9.9 9.9 9.9 9.9 9.9 9.9 9.9 9.9 9.9 9.9 9.9 9.9 9.9 9.9 9.9 
4256 024 0.1 3.4 2.2 1.2 1.4 0.1 1.3 3.4 1.0 3.0 1.4 2.4 0.0 9.9 9.9 9.9 9.9 9.9 9.9 9.9 9.9 
4332 105 0.4 2.0 0.1 2.0 1.3 0.3 3.2 1.3 2.0 0.0 9.9 9.9 9.9 9.9 9.9 9.9 9.9 9.9 9.9 9.9 9.9 
4419 052 1.2 1.0 3.3 3.2 1.0 0.0 9.9 9.9 9.9 9.9 9.9 9.9 9.9 9.9 9.9 9.9 9.9 9.9 9.9 9.9 9.9 
4379 076 1.0 1.1 2.2 3.0 1.3 0.2 0.4 2.2 0.3 1.2 0.2 2.2 0.3 1.1 0.3 3.0 1.2 2.1 2.3 1.1 9.9 
4428 140 2.4 0.2 1.2 0.2 1.0 0.4 2.3 0.4 2.3 2.3 1.3 0.2 3.1 1.2 1.1 0.1 0.3 1.3 0.1 0.0 9.9 
4310 172 2.2 3.1 3.4 1.0 1.3 0.2 1.4 2.3 3.3 2.3 2.0 3.4 2.1 0.2 2.4 0.2 3.1 1.3 1.2 3.4 9.9 
4266 150 3.0 3.2 2.3 2.4 1.0 0.4 3.0 0.2 0.3 3.4 3.1 1.3 0.4 0.1 3.2 1.3 2.2 0.0 9.9 9.9 9.9 
4365 190 3.3 2.1 1.3 2.1 1.4 0.1 1.4 2.4 1.1 0.0 9.9 9.9 9.9 9.9 9.9 9.9 9.9 9.9 9.9 9.9 9.9 
4351 067 3.2 1.3 3.4 3.4 1.0 0.3 0.4 0.3 2.1 0.0 9.9 9.9 9.9 9.9 9.9 9.9 9.9 9.9 9.9 9.9 9.9 
4427 138 0.0 9.9 9.9 9.9 9.9 9.9 9.9 9.9 9.9 9.9 9.9 9.9 9.9 9.9 9.9 9.9 9.9 9.9 9.9 9.9 9.9 
4311 171 0.3 0.3 1.3 1.4 0.0 9.9 9.9 9.9 9.9 9.9 9.9 9.9 9.9 9.9 9.9 9.9 9.9 9.9 9.9 9.9 9.9 
4323 008 1.2 3.2 0.0 9.9 9.9 9.9 9.9 9.9 9.9 9.9 9.9 9.9 9.9 9.9 9.9 9.9 9.9 9.9 9.9 9.9 9.9 
4286 177 1.0 3.3 2.0 2.4 0.1 1.1 1.1 0.3 3.1 3.3 0.3 1.3 1.3 2.0 1.4 2.3 1.4 2.1 1.2 1.0 9.9 
4260 173 1.3 2.3 1.4 3.1 0.4 1.3 3.0 2.0 1.4 0.4 1.3 3.3 0.1 2.1 2.4 2.4 0.0 9.9 9.9 9.9 9.9 
4339 083 2.1 1.4 0.1 3.4 0.1 1.0 2.1 1.4 2.4 0.0 9.9 9.9 9.9 9.9 9.9 9.9 9.9 9.9 9.9 9.9 9.9 
4413 080 2.0 1.0 3.0 0.1 0.4 1.3 0.2 3.4 3.4 1.0 3.1 1.0 1.4 1.0 0.4 0.3 2.4 1.1 1.4 2.2 9.9 
4364 193 3.3 0.4 1.0 1.3 0.3 1.0 2.0 1.1 0.4 2.1 0.2 3.2 0.2 1.0 2.2 1.4 1.0 0.1 2.0 1.1 9.9 
4437 168 3.1 3.0 0.4 2.3 0.4 1.2 1.1 3.0 2.4 2.2 1.4 2.2 3.2 0.4 3.2 1.0 0.3 0.3 3.1 0.2 9.9 
4330 128 3.4 2.4 3.1 2.0 0.3 1.4 3.2 1.4 3.2 3.0 2.0 0.3 2.0 0.4 0.0 9.9 9.9 9.9 9.9 9.9 9.9 
4321 029 0.3 2.1 1.1 3.3 0.0 9.9 9.9 9.9 9.9 9.9 9.9 9.9 9.9 9.9 9.9 9.9 9.9 9.9 9.9 9.9 9.9 
4322 149 0.1 1.0 0.0 9.9 9.9 9.9 9.9 9.9 9.9 9.9 9.9 9.9 9.9 9.9 9.9 9.9 9.9 9.9 9.9 9.9 9.9 
4272 159 1.4 0.1 3.2 0.3 0.0 9.9 9.9 9.9 9.9 9.9 9.9 9.9 9.9 9.9 9.9 9.9 9.9 9.9 9.9 9.9 9.9 
4390 078 1.2 0.0 9.9 9.9 9.9 9.9 9.9 9.9 9.9 9.9 9.9 9.9 9.9 9.9 9.9 9.9 9.9 9.9 9.9 9.9 9.9 
4314 056 1.1 3.1 0.1 2.3 0.0 9.9 9.9 9.9 9.9 9.9 9.9 9.9 9.9 9.9 9.9 9.9 9.9 9.9 9.9 9.9 9.9 
4329 122 2.4 2.0 3.2 3.0 0.4 1.1 1.3 1.0 2.0 3.4 3.2 0.1 3.4 2.4 2.2 3.2 2.1 1.1 0.3 1.2 9.9 
4383 031 2.2 2.2 2.2 3.3 3.0 1.3 3.4 0.2 3.0 0.0 9.9 9.9 9.9 9.9 9.9 9.9 9.9 9.9 9.9 9.9 9.9 
4407 030 3.1 1.3 1.2 0.0 9.9 9.9 9.9 9.9 9.9 9.9 9.9 9.9 9.9 9.9 9.9 9.9 9.9 9.9 9.9 9.9 9.9 
4307 009 3.4 0.2 3.3 1.4 3.0 1.3 0.4 0.0 9.9 9.9 9.9 9.9 9.9 9.9 9.9 9.9 9.9 9.9 9.9 9.9 9.9 
4386 154 3.2 0.3 2.3 2.2 3.4 1.0 2.0 2.3 3.0 2.2 3.3 2.0 2.0 1.4 2.1 1.3 2.3 3.1 1.1 1.3 9.9 
4381 182 0.0 9.9 9.9 9.9 9.9 9.9 9.9 9.9 9.9 9.9 9.9 9.9 9.9 9.9 9.9 9.9 9.9 9.9 9.9 9.9 9.9 
4287 012 0.4 2.3 0.4 3.2 3.4 1.4 3.0 2.1 1.3 3.3 1.4 0.1 3.3 0.3 0.4 3.4 1.2 3.3 3.3 3.1 9.9 
4264 100 1.2 2.3 2.4 0.4 3.1 1.1 1.1 0.3 3.3 0.4 2.1 2.3 2.1 0.4 1.2 0.0 9.9 9.9 9.9 9.9 9.9 
4302 184 1.0 1.4 1.3 0.2 3.4 1.3 3.4 2.2 0.3 0.0 9.9 9.9 9.9 9.9 9.9 9.9 9.9 9.9 9.9 9.9 9.9 
4396 074 1.3 0.3 0.0 9.9 9.9 9.9 9.9 9.9 9.9 9.9 9.9 9.9 9.9 9.9 9.9 9.9 9.9 9.9 9.9 9.9 9.9 
4313 127 2.2 3.4 2.4 2.2 3.0 2.2 0.1 2.1 2.3 2.1 1.0 2.0 2.3 3.3 1.3 2.3 1.0 1.2 0.1 3.4 9.9 
4304 039 2.0 3.3 1.4 3.4 3.1 2.4 2.0 0.3 0.1 2.2 2.0 1.1 1.1 3.2 2.1 3.4 0.1 0.4 1.1 2.3 9.9 
4344 145 3.3 2.4 0.3 3.1 3.0 2.2 1.1 3.2 1.1 3.0 3.1 3.1 0.4 2.2 3.1 3.2 3.4 0.4 2.4 1.2 9.9 
4293 057 3.1 1.1 3.0 0.4 3.1 2.4 3.2 1.1 2.1 0.0 9.9 9.9 9.9 9.9 9.9 9.9 9.9 9.9 9.9 9.9 9.9 
4422 048 0.0 9.9 9.9 9.9 9.9 9.9 9.9 9.9 9.9 9.9 9.9 9.9 9.9 9.9 9.9 9.9 9.9 9.9 9.9 9.9 9.9 
4449 156 0.3 0.1 0.4 2.1 3.1 2.3 0.2 1.2 0.1 1.2 2.4 3.3 0.2 2.2 2.0 2.0 1.4 3.4 2.1 2.1 9.9 
4249 201 2.1 0.0 9.9 9.9 9.9 9.9 9.9 9.9 9.9 9.9 9.9 9.9 9.9 9.9 9.9 9.9 9.9 9.9 9.9 9.9 9.9 
1111 202 0.0 9.9 9.9 9.9 9.9 9.9 9.9 9.9 9.9 9.9 9.9 9.9 9.9 9.9 9.9 9.9 9.9 9.9 9.9 9.9 9.9 
9999 203 9.9 9.9 9.9 9.9 9.9 9.9 9.9 9.9 9.9 9.9 9.9 9.9 9.9 9.9 9.9 9.9 9.9 9.9 9.9 9.9 9.9 
3231 204 2.1 1.3 1.1 0.0 9.9 9.9 9.9 9.9 9.9 9.9 9.9 9.9 9.9 9.9 9.9 9.9 9.9 9.9 9.9 9.9 9.9 
1231 205 0.1 2.1 3.1 9.9 9.9 9.9 9.9 9.9 9.9 9.9 9.9 9.9 9.9 9.9 9.9 9.9 9.9 9.9 9.9 9.9 9.9 
1211 206 1.1 9.9 9.9 9.9 9.9 9.9 9.9 9.9 9.9 9.9 9.9 9.9 9.9 9.9 9.9 9.9 9.9 9.9 9.9 9.9 9.9 
1000 207 9.9 9.9 9.9 9.9 9.9 9.9 9.9 9.9 9.9 9.9 9.9 9.9 9.9 9.9 9.9 9.9 9.9 9.9 9.9 9.9 9.9 
7654 208 0.2 3.2 1.3 9.9 9.9 9.9 9.9 9.9 9.9 9.9 9.9 9.9 9.9 9.9 9.9 9.9 9.9 9.9 9.9 9.9 9.9 
1009 209 2.2 9.9 9.9 9.9 9.9 9.9 9.9 9.9 9.9 9.9 9.9 9.9 9.9 9.9 9.9 9.9 9.9 9.9 9.9 9.9 9.9 
6543 210 0.0 9.9 9.9 9.9 9.9 9.9 9.9 9.9 9.9 9.9 9.9 9.9 9.9 9.9 9.9 9.9 9.9 9.9 9.9 9.9 9.9 
9876 211 0.2 9.9 9.9 9.9 9.9 9.9 9.9 9.9 9.9 9.9 9.9 9.9 9.9 9.9 9.9 9.9 9.9 9.9 9.9 9.9 9.9 
8888 212 3.2 9.9 9.9 9.9 9.9 9.9 9.9 9.9 9.9 9.9 9.9 9.9 9.9 9.9 9.9 9.9 9.9 9.9 9.9 9.9 9.9 
8867 213 0.2 9.9 9.9 9.9 9.9 9.9 9.9 9.9 9.9 9.9 9.9 9.9 9.9 9.9 9.9 9.9 9.9 9.9 9.9 9.9 9.9 